1 2 3 4 5 6 7 8 9 a b c d e f g
0000000000000000000000000000000000000000000000000000000000000000000000000000000000000000000000000000000000000000000000000000000000000000000000000000000000000000000000000000000000000000000000000000000000000001000000000010000000010000000000100000001111111111111000000011111111111110000000111111111111100000000000000000001000000000000000000010000000000000000000000000000000000000000000000000000000000000
0000000000000000000000000000000000000000000000000000000000000000000000000000000000000000000000000000000000000000000000000000000000000000000000000000000000000000000000001100000001100000000111000000111000000011110000011110000000110100001110100000001000000111001000000010000011100010000000110001110000100000001111111000011000000001111100001110000000001110000011100000000000000000000000000000000000000000
0000000000000000000000000000000000000000000000000000000000000000000000000000000000000000000000000000000000000000000000000000000000000000000000000000000000000000000000000000000110000000000111000001110000000011110000011110000000111101000111100000001000010000001000000010001100000010000000111111110001100000001111101111111000000001111011111100000000000000011110000000000000000000000000000000000000000000
0000000000000000000000000000000000000000000000000000000000000000000000000000000000000000000000000000000000000000000000000000000000000000000000000000000000000000000000000000011000000000000000011110000000000000001110100000000000001111001000100000000111000010001000000011111111111110000000111111111111100000001111111111111000000000000000100010000000000000001000000000000000000000000000000000000000000000
0000000000000000000000000000000000000000000000000000000000000000000000000000000000000000000000000000000000000000000000000000000000000000000000000000000000000000000000000000000110000000001111111001110000000011111110011110000000100001100111100000001000010000001000000010000100000010000000100001100001100000001000011111111000000010000011111100000000100000011110000000000000000000000000000000000000000000
0000000000000000000000000000000000000000000000000000000000000000000000000000000000000000000000000000000000000000000000000000000000000000000000000000000000000000000000000111111100000000000011111111110000000001111111111110000000111001110011100000001100011000011000000010000100000010000000111001100001100000001110011111111000000011100111111100000000000000111110000000000000000000000000000000000000000000
0000000000000000000000000000000000000000000000000000000000000000000000000000000000000000000000000000000000000000000000000000000000000000000000000000000000000000000000011000000000000000001110000000000000000011100000001110000000100000011111100000001000111111111000000010111111111110000000111111000000000000001111000000000000000011000000000000000000000000000000000000000000000000000000000000000000000000
0000000000000000000000000000000000000000000000000000000000000000000000000000000000000000000000000000000000000000000000000000000000000000000000000000000000000000000000001100001110000000000111100111110000000011111111111110000000110011110001100000001000011000001000000010000011000010000000110001110001100000001111111111111000000001111101111100000000001100001110000000000000000000000000000000000000000000
0000000000000000000000000000000000000000000000000000000000000000000000000000000000000000000000000000000000000000000000000000000000000000000000000000000000000000000000001111100000000000000111111100111000000011111111001110000000110000110011100000001000000100001000000010000011000110000000111001111111100000001111111111110000000001111111111000000000001111111000000000000000000000000000000000000000000000
0000000000000000000000000000000000000000000000000000000000000000000000000000000000000000000000000000000000000000000000000000000000000000000000000000000000000000000000000000010011000000000000001101111000000000000111011110000000000001101100100000000000010011001000000000000100100010000000000001111111100000000000011111111000000000000011111110000000000000000001100000000000000000010000000000000000000000
0000000000000000000000000000000000000000000000000000000000000000000000000000000000000000000000000000000000000000000000000000000000000000000000000000000000000000000000100000000000000000011111111111111000000111111111111110000000000001111111100000000000011000001000000000000100000010000000000001100001100000000000011111111000000000000111111100000000000000111110000000000000000000000000000000000000000000
0000000000000000000000000000000000000000000000000000000000000000000000000000000000000000000000000000000000000000000000000000000000000000000000000000000000000000000000000000011110000000000000001111110000000000000111111110000000000001110011100000000000010000001000000000000101000010000000000001110001100000000000011100111000000000000011001100000000000000000000000000000000000000000000000000000000000000
0000000000000000000000000000000000000000000000000000000000000000000000000000000000000000000000000000000000000000000000000000000000000000000000000000000000000000000000000000011110000000000000001111110000000000000111111110000000000001110001100000000000010000001000000010000100000010000000100001100011100000011111111111111000000111111111111110000000000000000000100000000000000000001000000000000000000000
0000000000000000000000000000000000000000000000000000000000000000000000000000000000000000000000000000000000000000000000000000000000000000000000000000000000000000000000000000001100000000000000001111110000000000000111111110000000000001101011100000000000010010001000000000000100100010000000000001101001100000000000011110111000000000000011101100000000000000011010000000000000000000000000000000000000000000
0000000000000000000000000000000000000000000000000000000000000000000000000000000000000000000000000000000000000000000000000000000000000000000000000000000000000000000000000001000000000000000000010000001000000000000100000010000000011111111111100000001111111111111000000011111111111110000000100001000000100000001100010000001000000011000100000000000000110000000000000000000000000000000000000000000000000000
0000000000000000000000000000000000000000000000000000000000000000000000000000000000000000000000000000000000000000000000000000000000000000000000000000000000000000000000000000000000110000000000001110101100000000000111111111000000000001111111000000000000010001010000000000000100010100000000000001111101000000000000011111011100000000000111100111000000000001000000110000000000000000000000000000000000000000